[29.41, 73.19, 64, 'male', 171.28]
[30.12, 85.72, 54, 'male', 205.51]
[29.13, 70.96, 58, 'male', 175.17]
[27.9, 97.24, 52, 'male', 176.65]
[28.75, 67.55, 69, 'male', 193.23]
[28.09, 78.55, 83, 'male', 167.75]
[25.7, 93.12, 46, 'male', 185.67]
[29.62, 122.06, 87, 'male', 238.07]
[30.54, 111.8, 50, 'male', 217.3]
[30.29, 69.16, 82, 'male', 178.19]
[27.29, 94.57, 85, 'male', 175.0]
[27.65, 123.45, 67, 'female', 214.97]
[30.16, 82.78, 51, 'male', 161.93]
[30.16, 88.34, 62, 'male', 160.8]
[27.64, 93.18, 48, 'male', 189.59]
[30.08, 69.15, 59, 'male', 162.06]
[29.58, 67.07, 53, 'male', 197.35]
[27.78, 64.14, 84, 'male', 199.14]
[27.69, 115.65, 85, 'female', 203.29]
[27.38, 83.38, 99, 'female', 177.0]
[27.02, 74.5, 60, 'male', 178.2]
[27.54, 81.17, 70, 'female', 196.06]
[27.92, 80.05, 56, 'female', 198.45]
[30.15, 71.21, 77, 'female', 192.48]
[30.44, 74.07, 42, 'female', 196.02]
[27.63, 70.85, 105, 'male', 179.53]
[30.32, 116.11, 59, 'male', 225.07]
[29.95, 82.72, 66, 'female', 173.87]
[30.09, 65.06, 62, 'female', 192.06]
[27.78, 109.9, 54, 'male', 214.47]
[27.88, 65.12, 74, 'male', 172.86]
[18.73, 65.31, 84, 'male', 166.82]
[29.9, 91.97, 42, 'female', 168.96]
[30.45, 94.83, 85, 'female', 182.62]
[27.75, 109.95, 82, 'male', 236.07]
[30.67, 90.06, 62, 'male', 194.41]
[25.11, 76.66, 37, 'male', 191.91]
[27.98, 105.45, 73, 'male', 223.91]
[27.17, 69.69, 45, 'female', 176.33]
[27.83, 73.56, 68, 'male', 193.47]
[33.02, 80.24, 77, 'female', 167.04]
[27.43, 79.56, 86, 'female', 161.47]
[30.39, 82.38, 77, 'female', 167.16]
[27.93, 85.16, 62, 'female', 175.51]
[27.19, 67.23, 54, 'male', 193.48]
[27.97, 77.47, 73, 'male', 162.47]
[27.56, 64.52, 54, 'female', 188.84]
[28.04, 75.81, 85, 'female', 185.42]
[30.15, 65.6, 66, 'male', 168.13]
[30.61, 71.5, 53, 'female', 197.66]
[29.14, 110.36, 61, 'male', 201.76]
[27.82, 102.26, 31, 'male', 212.78]
[24.58, 124.58, 36, 'male', 235.16]
[27.04, 124.92, 66, 'male', 213.33]
[28.39, 87.62, 81, 'male', 188.92]
[28.82, 68.21, 76, 'male', 173.03]
[27.54, 95.89, 64, 'male', 158.28]
[30.36, 74.76, 37, 'male', 165.99]
[27.8, 93.87, 79, 'male', 191.47]
[27.73, 75.31, 99, 'female', 191.11]
[30.47, 81.09, 66, 'female', 188.71]
[27.62, 72.36, 67, 'female', 162.68]
[28.8, 98.62, 62, 'male', 192.03]
[29.07, 74.3, 69, 'male', 156.98]
[27.78, 96.91, 49, 'male', 168.35]
[28.05, 86.94, 39, 'male', 181.39]
[27.58, 92.1, 71, 'male', 183.08]
[28.3, 79.09, 75, 'male', 186.73]
[29.01, 83.55, 90, 'male', 152.14]
[28.31, 76.78, 31, 'female', 167.81]
[30.44, 99.43, 56, 'female', 192.09]
[30.5, 73.37, 52, 'female', 179.79]
[29.54, 67.53, 31, 'female', 193.38]
[27.92, 96.85, 51, 'male', 173.96]
[30.12, 66.88, 76, 'male', 153.07]
[40.66, 88.72, 89, 'male', 176.83]
[27.52, 86.88, 68, 'male', 190.82]
[27.53, 89.93, 53, 'male', 185.29]
[27.78, 98.12, 68, 'male', 197.01]
[27.69, 73.82, 58, 'male', 175.32]
[27.55, 103.23, 70, 'male', 237.81]
[30.67, 72.68, 56, 'male', 165.38]
[28.12, 92.4, 65, 'female', 163.68]
[27.27, 70.13, 62, 'female', 163.78]
[28.49, 79.69, 43, 'female', 170.88]
[30.57, 80.38, 65, 'female', 161.37]
[28.21, 90.45, 49, 'male', 166.61]
[28.2, 64.62, 53, 'male', 188.26]
[27.89, 96.39, 79, 'male', 202.65]
[28.22, 90.3, 53, 'male', 188.05]
[27.76, 64.47, 63, 'male', 160.5]
[27.51, 68.98, 50, 'female', 173.91]
[27.55, 68.95, 82, 'female', 174.81]
[32.73, 73.64, 42, 'female', 176.54]
[28.27, 67.39, 75, 'female', 193.95]
[30.34, 98.56, 54, 'female', 176.55]
[29.39, 82.89, 36, 'male', 168.58]
[27.65, 74.0, 68, 'male', 172.39]
[27.92, 70.14, 69, 'female', 151.45]
[28.4, 86.73, 62, 'male', 174.06]
[27.81, 71.55, 92, 'male', 177.64]
[27.96, 71.83, 78, 'female', 195.75]
[30.3, 79.67, 63, 'male', 166.79]
[32.6, 92.69, 67, 'male', 173.31]
[27.6, 91.25, 53, 'male', 208.28]
[28.54, 83.27, 53, 'male', 199.77]
[28.47, 81.54, 61, 'male', 184.02]
[27.46, 83.15, 66, 'male', 186.48]
[30.41, 80.57, 54, 'female', 184.94]
[28.74, 92.81, 64, 'female', 198.69]
[29.49, 85.77, 74, 'male', 180.68]
[30.34, 75.6, 72, 'male', 179.63]
[30.02, 80.25, 39, 'female', 191.92]
[27.34, 96.1, 97, 'female', 160.67]
[27.68, 67.55, 61, 'male', 174.83]
[28.0, 92.04, 87, 'male', 179.07]
[28.12, 96.73, 66, 'male', 176.6]
[34.76, 94.38, 67, 'female', 161.68]
[29.04, 77.05, 64, 'male', 198.8]
[27.96, 88.89, 53, 'male', 168.82]
[33.42, 101.29, 52, 'female', 209.26]
[27.85, 90.17, 100, 'female', 183.9]
[28.93, 71.88, 59, 'female', 208.9]
[29.37, 86.88, 64, 'female', 170.04]
[30.46, 84.08, 55, 'male', 187.02]
[28.93, 74.77, 84, 'female', 178.43]
[28.67, 87.65, 67, 'male', 197.78]
[28.51, 95.29, 79, 'female', 175.29]
[36.09, 137.31, 71, 'female', 249.92]
[27.62, 87.6, 64, 'female', 178.72]
[31.03, 64.51, 61, 'male', 175.9]
[27.86, 75.2, 110, 'male', 196.67]
[30.17, 87.6, 42, 'male', 176.0]
[27.92, 67.87, 58, 'female', 171.1]
[27.37, 108.9, 56, 'female', 205.15]
[28.21, 87.75, 55, 'female', 203.4]
[26.87, 95.19, 62, 'male', 198.3]
[27.39, 99.29, 60, 'male', 188.34]
[30.11, 98.82, 68, 'female', 198.84]
[30.22, 94.38, 52, 'female', 196.15]
[27.36, 96.1, 78, 'male', 170.95]
[25.04, 86.48, 72, 'male', 293.99]
[28.18, 115.09, 45, 'male', 215.39]
[27.48, 81.46, 50, 'male', 175.48]
[27.73, 91.81, 57, 'female', 233.16]
[27.6, 71.92, 51, 'female', 193.43]
[27.64, 100.06, 90, 'female', 208.87]
[27.82, 87.11, 74, 'female', 184.65]
[29.97, 81.16, 31, 'male', 172.28]
[25.14, 82.8, 64, 'male', 168.52]
[27.35, 66.93, 53, 'female', 183.26]
[29.61, 78.1, 103, 'female', 166.71]
[28.0, 95.35, 58, 'female', 167.93]
[28.66, 69.42, 33, 'female', 196.57]
[30.01, 65.62, 51, 'female', 176.35]
[27.78, 90.03, 58, 'female', 173.29]
[29.88, 81.72, 46, 'female', 163.87]
[29.39, 67.55, 44, 'male', 194.8]
[30.38, 91.56, 52, 'female', 157.25]
[30.51, 89.8, 107, 'male', 162.38]
[31.22, 93.79, 60, 'male', 187.35]
[27.45, 87.2, 69, 'male', 150.84]
[27.94, 77.39, 87, 'male', 190.17]
[28.18, 85.65, 55, 'female', 160.04]
[33.27, 95.73, 53, 'female', 174.19]
[29.44, 95.34, 58, 'female', 195.51]
[30.34, 82.26, 50, 'female', 163.66]
[28.4, 74.68, 57, 'female', 167.22]
[30.1, 98.98, 48, 'female', 172.9]
[28.1, 71.66, 47, 'female', 174.83]
[27.43, 93.5, 46, 'female', 183.88]
[30.08, 87.9, 61, 'male', 183.98]
[28.03, 80.75, 58, 'female', 171.61]
[27.35, 98.91, 65, 'male', 186.61]
[27.5, 92.04, 52, 'male', 186.81]
[26.44, 82.77, 37, 'female', 197.19]
[27.81, 70.67, 59, 'female', 165.13]
[30.16, 121.56, 41, 'male', 201.29]
[30.37, 79.55, 71, 'male', 195.69]
[27.37, 86.52, 53, 'female', 186.97]
[30.29, 66.93, 56, 'male', 170.86]
[28.06, 81.81, 77, 'male', 197.91]
[30.4, 96.84, 66, 'male', 186.09]
[30.23, 64.27, 57, 'female', 199.88]
[27.63, 90.52, 69, 'male', 160.73]
[29.91, 66.75, 34, 'female', 195.06]
[29.79, 96.37, 60, 'female', 187.26]
[27.97, 69.51, 82, 'male', 163.26]
[27.68, 98.54, 98, 'male', 191.0]
[27.75, 92.04, 84, 'male', 182.71]
[30.33, 87.14, 74, 'male', 177.9]
[29.27, 89.02, 63, 'male', 179.61]
[27.83, 69.22, 46, 'male', 180.92]
[27.67, 74.17, 70, 'male', 177.83]
[27.04, 95.74, 58, 'male', 199.26]
[28.59, 98.66, 55, 'male', 158.68]
[19.01, 64.76, 80, 'male', 151.32]
[32.63, 79.47, 61, 'female', 176.48]
[27.32, 77.6, 55, 'male', 187.05]
[30.32, 80.68, 54, 'male', 184.61]
[28.49, 77.38, 57, 'male', 170.4]
[27.49, 85.92, 72, 'female', 196.84]
[27.62, 76.76, 48, 'male', 166.03]
[27.93, 96.45, 50, 'female', 186.73]
[28.2, 84.42, 67, 'male', 171.97]
[30.18, 72.28, 68, 'female', 168.0]
[27.66, 75.11, 98, 'female', 164.43]
[27.52, 110.8, 76, 'female', 226.87]
[30.05, 68.98, 68, 'male', 184.83]
[30.22, 65.44, 42, 'female', 189.03]
[30.26, 77.2, 61, 'male', 171.24]
[28.49, 79.23, 59, 'female', 176.12]
[27.54, 78.96, 79, 'female', 200.48]
[42.16, 75.74, 55, 'male', 162.69]
[30.47, 81.1, 47, 'female', 182.56]
[28.07, 93.24, 72, 'male', 195.85]
[27.37, 77.87, 57, 'female', 185.78]
[30.06, 82.4, 62, 'female', 163.16]
[28.11, 85.83, 55, 'female', 163.61]
[30.29, 91.72, 68, 'female', 173.06]
[27.84, 76.78, 69, 'male', 158.19]
[28.74, 79.31, 52, 'female', 179.54]
[30.37, 92.34, 43, 'male', 172.77]
[27.37, 74.94, 61, 'female', 167.65]
[29.67, 77.33, 58, 'female', 195.71]
[28.24, 80.88, 65, 'female', 173.42]
[27.81, 71.55, 56, 'female', 182.02]
[29.62, 109.37, 34, 'female', 224.44]
[27.6, 77.5, 84, 'female', 183.17]
[27.83, 87.24, 64, 'female', 173.45]
[28.21, 88.05, 78, 'male', 174.87]
[30.23, 75.4, 70, 'male', 194.93]
[30.06, 93.44, 57, 'female', 267.7]
[29.64, 69.16, 82, 'male', 201.52]
[27.59, 73.2, 82, 'male', 163.17]
[27.58, 66.63, 68, 'male', 185.43]
[30.51, 88.25, 53, 'female', 168.61]
[27.89, 72.62, 77, 'female', 161.43]
[28.1, 71.47, 56, 'female', 186.14]
[30.19, 85.35, 53, 'male', 199.64]
[30.15, 82.85, 65, 'female', 199.87]
[28.67, 79.25, 69, 'male', 179.57]
[27.34, 122.5, 77, 'male', 232.88]
[30.02, 89.9, 78, 'male', 208.43]
[27.86, 89.84, 92, 'female', 182.02]
[30.0, 97.34, 77, 'male', 233.89]
[30.19, 91.89, 38, 'male', 175.33]
[30.15, 65.93, 63, 'male', 197.91]
[30.22, 91.69, 56, 'female', 174.3]
[30.25, 72.3, 69, 'male', 156.3]
[28.86, 65.47, 59, 'male', 162.34]
[27.49, 103.82, 47, 'female', 232.65]
[30.19, 94.92, 42, 'male', 168.64]
[28.56, 65.64, 59, 'male', 185.09]
[27.48, 78.6, 67, 'male', 192.32]
[27.81, 72.84, 52, 'female', 199.97]
[29.96, 87.03, 78, 'male', 178.26]
[30.31, 98.91, 53, 'male', 188.86]
[24.21, 86.23, 65, 'male', 186.84]
[28.37, 71.04, 46, 'male', 170.2]
[30.41, 97.47, 45, 'male', 165.82]
[30.04, 75.14, 56, 'male', 186.07]
[30.1, 92.87, 42, 'male', 170.28]
[28.18, 108.35, 56, 'male', 218.96]
[27.38, 66.51, 82, 'male', 162.71]
[27.4, 88.78, 83, 'female', 186.3]
[28.07, 68.81, 61, 'female', 183.17]
[29.32, 67.6, 65, 'male', 198.16]
[29.21, 72.95, 67, 'male', 160.75]
[27.42, 98.85, 73, 'male', 175.19]
[27.86, 91.9, 72, 'male', 185.75]
[30.33, 72.68, 68, 'female', 188.01]
[30.14, 65.35, 58, 'female', 173.56]
[29.55, 97.17, 53, 'female', 162.25]
[29.32, 71.16, 65, 'female', 174.83]
[27.66, 64.02, 68, 'female', 206.03]
[32.67, 70.02, 69, 'male', 159.45]
[27.69, 85.64, 61, 'female', 192.05]
[27.57, 75.46, 59, 'female', 167.74]
[27.93, 94.44, 63, 'female', 192.22]
[21.56, 81.68, 76, 'male', 160.38]
[27.07, 70.39, 46, 'female', 174.46]
[28.62, 73.51, 46, 'male', 198.47]
[29.34, 99.34, 46, 'male', 187.02]
[27.53, 89.08, 56, 'female', 185.21]
[28.11, 116.77, 69, 'male', 212.5]
[30.03, 78.2, 52, 'female', 185.12]
[25.48, 77.87, 68, 'male', 190.26]
[28.9, 64.52, 45, 'female', 186.01]
[27.85, 92.17, 71, 'female', 162.68]
[28.05, 99.3, 78, 'female', 183.32]
[30.25, 74.91, 42, 'female', 172.98]
[27.86, 102.21, 77, 'male', 218.09]
[26.36, 78.63, 31, 'female', 165.21]
[28.08, 89.3, 64, 'female', 196.98]
[28.12, 72.95, 57, 'female', 188.14]
[29.47, 79.77, 42, 'male', 170.62]
[27.95, 73.71, 58, 'male', 169.31]
[27.52, 111.98, 61, 'female', 232.8]
[30.41, 81.58, 73, 'male', 175.72]
[28.91, 75.58, 71, 'female', 189.33]
[28.42, 97.6, 63, 'female', 185.67]
[29.13, 79.81, 42, 'female', 175.32]
[27.71, 75.03, 63, 'female', 173.69]
[28.0, 93.53, 75, 'female', 194.61]
[27.49, 72.2, 81, 'female', 190.48]
[29.37, 84.96, 81, 'female', 169.26]
[30.16, 97.58, 71, 'female', 182.87]
[27.45, 93.01, 66, 'male', 169.19]
[28.47, 66.44, 50, 'male', 155.26]
[27.69, 96.47, 74, 'female', 177.96]
[30.85, 75.42, 49, 'female', 195.76]
[30.38, 76.7, 75, 'male', 194.35]
[27.72, 107.66, 59, 'female', 224.08]
[30.04, 94.43, 68, 'male', 195.38]
[29.93, 64.8, 91, 'male', 191.37]
[30.09, 66.46, 72, 'male', 163.42]
[29.97, 65.26, 78, 'male', 171.67]
[37.36, 75.72, 46, 'female', 173.05]
[27.7, 90.02, 84, 'male', 175.42]
[27.81, 95.41, 74, 'male', 164.85]
[30.38, 84.96, 62, 'male', 197.55]
[27.31, 68.51, 73, 'male', 165.14]
[30.41, 86.13, 42, 'male', 165.85]
[30.13, 68.75, 55, 'male', 178.5]
[29.21, 95.61, 43, 'female', 194.46]
[29.45, 95.74, 48, 'female', 188.7]
[27.94, 83.32, 51, 'female', 190.16]
[28.58, 64.84, 65, 'female', 166.77]
[20.2, 73.9, 80, 'male', 165.7]
[27.61, 67.0, 73, 'male', 166.37]
[27.56, 97.86, 50, 'male', 186.34]
[27.82, 81.67, 76, 'female', 164.3]
[27.96, 64.96, 66, 'male', 189.07]
[30.43, 67.26, 61, 'male', 167.05]
[27.35, 99.98, 74, 'male', 180.96]
[30.01, 89.54, 69, 'male', 186.88]
[28.05, 117.84, 58, 'male', 216.9]
[26.79, 65.28, 37, 'male', 188.61]
[30.54, 88.65, 83, 'male', 167.82]
[28.97, 96.33, 46, 'female', 195.26]
[30.48, 98.44, 48, 'male', 166.6]
[28.1, 104.24, 46, 'male', 229.4]
[28.23, 111.66, 34, 'female', 229.88]
[27.9, 75.57, 61, 'female', 197.55]
[29.08, 117.03, 46, 'female', 208.8]
[28.03, 86.91, 74, 'female', 185.23]
[30.08, 95.73, 42, 'male', 191.61]
[28.03, 67.25, 38, 'male', 175.67]
[28.05, 69.93, 62, 'male', 195.18]
[29.29, 67.7, 47, 'female', 191.7]
[28.92, 73.2, 52, 'female', 189.67]
[27.37, 91.76, 96, 'female', 193.32]
[27.49, 79.37, 58, 'female', 192.29]
[28.72, 95.2, 42, 'male', 170.59]
[26.94, 113.19, 56, 'male', 225.14]
[28.22, 74.6, 51, 'female', 187.22]
[30.31, 94.28, 37, 'female', 188.36]
[29.09, 68.27, 51, 'male', 186.5]
[30.3, 71.44, 56, 'female', 181.63]
[27.61, 94.73, 65, 'male', 167.26]
[27.72, 82.46, 92, 'female', 170.85]
[27.21, 97.09, 66, 'male', 185.94]
[30.33, 75.87, 43, 'male', 196.28]
[27.16, 79.8, 59, 'male', 194.57]
[27.56, 96.73, 81, 'female', 168.47]
[29.51, 66.64, 81, 'male', 177.48]
[28.1, 74.73, 52, 'male', 180.31]
[27.71, 65.99, 60, 'male', 178.85]
[30.34, 96.78, 59, 'male', 179.76]
[30.24, 74.49, 60, 'male', 180.74]
[28.82, 76.14, 31, 'female', 186.35]
[30.12, 65.73, 49, 'male', 170.8]
[28.03, 82.2, 46, 'male', 212.4]
[26.77, 82.65, 68, 'male', 208.13]
[27.78, 68.79, 78, 'female', 194.28]
[27.71, 88.93, 33, 'male', 187.11]
[28.37, 72.37, 46, 'male', 170.84]
[30.04, 75.39, 52, 'male', 173.53]
[29.17, 72.88, 60, 'female', 172.44]
[27.84, 68.25, 86, 'female', 177.76]
[28.77, 65.33, 82, 'male', 188.79]
[27.91, 86.46, 81, 'female', 176.54]
[27.9, 74.85, 57, 'male', 191.46]
[29.55, 96.68, 55, 'female', 167.37]
[30.17, 79.07, 62, 'female', 160.85]
[27.99, 64.01, 46, 'female', 197.91]
[27.81, 69.91, 84, 'male', 165.1]
[28.32, 119.71, 28, 'female', 209.13]
[27.47, 65.85, 53, 'male', 189.58]
[28.05, 86.71, 49, 'male', 194.61]
[27.02, 99.21, 79, 'male', 166.91]
[28.37, 144.6, 57, 'male', 255.21]
[29.76, 94.88, 40, 'female', 163.74]
[27.48, 85.92, 108, 'female', 155.5]
[27.63, 80.55, 65, 'female', 193.32]
[27.43, 97.53, 85, 'female', 172.24]
[28.07, 68.87, 66, 'female', 186.1]
[27.8, 84.28, 57, 'female', 196.26]
[27.34, 95.54, 73, 'female', 188.17]
[28.21, 91.92, 42, 'female', 179.0]
[23.75, 90.61, 33, 'female', 197.37]
[27.51, 92.55, 68, 'female', 189.87]
[28.08, 82.86, 45, 'female', 185.12]
[28.48, 77.59, 60, 'male', 199.46]
[29.87, 98.28, 53, 'male', 174.89]
[19.13, 96.94, 77, 'female', 172.83]
[28.77, 86.3, 53, 'male', 190.63]
[27.89, 64.59, 87, 'male', 166.36]
[38.96, 95.12, 71, 'male', 176.92]
[27.89, 81.0, 50, 'female', 164.52]
[27.88, 85.22, 92, 'female', 199.19]
[27.17, 94.62, 87, 'male', 180.54]
[27.95, 75.79, 66, 'male', 190.32]
[27.17, 100.36, 52, 'male', 219.67]
[29.51, 96.01, 53, 'male', 166.18]
[28.77, 81.48, 64, 'male', 169.85]
[30.51, 99.18, 67, 'male', 195.48]
[28.14, 97.78, 78, 'male', 193.81]
[26.57, 86.04, 34, 'female', 196.55]
[27.86, 99.04, 70, 'male', 182.96]
[30.2, 73.64, 55, 'female', 183.9]
[27.4, 78.59, 43, 'male', 172.47]
[27.46, 72.0, 48, 'female', 172.34]
[27.67, 88.72, 64, 'male', 185.96]
[26.8, 85.68, 56, 'female', 188.65]
[26.57, 81.43, 104, 'female', 201.07]
[29.91, 78.93, 56, 'male', 198.96]
[27.9, 99.61, 50, 'female', 191.13]
[27.81, 71.71, 86, 'female', 187.27]
[28.71, 84.02, 58, 'male', 190.92]
[30.07, 78.18, 60, 'female', 167.51]
[30.27, 87.8, 39, 'female', 183.01]
[29.69, 99.44, 62, 'female', 201.78]
[28.14, 107.98, 67, 'female', 222.93]
[23.38, 77.42, 31, 'female', 185.62]
[26.93, 95.2, 68, 'female', 174.9]
[27.95, 79.46, 78, 'male', 173.86]
[27.95, 80.25, 49, 'female', 198.4]
[27.7, 83.94, 77, 'female', 171.74]
[30.2, 77.19, 63, 'male', 194.62]
[27.76, 79.55, 62, 'male', 183.45]
[27.37, 71.32, 58, 'female', 164.98]
[28.34, 70.1, 80, 'female', 178.95]
[30.29, 93.89, 42, 'male', 167.83]
[35.71, 75.76, 69, 'female', 167.7]
[30.23, 71.29, 46, 'male', 196.7]
[30.23, 86.41, 62, 'male', 160.21]
[27.2, 65.55, 62, 'male', 177.93]
[28.95, 77.37, 62, 'male', 167.37]
[27.73, 84.43, 69, 'male', 150.32]
[29.7, 108.26, 64, 'female', 224.68]
[30.22, 96.43, 71, 'male', 193.33]
[30.02, 79.65, 59, 'male', 160.05]
[28.75, 74.43, 66, 'male', 185.63]
[27.68, 105.03, 54, 'male', 201.48]
[27.74, 88.59, 98, 'male', 188.95]
[27.68, 78.69, 53, 'male', 173.38]
[27.42, 88.93, 42, 'male', 167.53]
[28.31, 93.16, 55, 'male', 177.14]
[30.91, 77.46, 49, 'female', 173.12]
[34.64, 64.39, 43, 'male', 179.78]
[27.57, 76.45, 61, 'male', 180.56]
[27.55, 77.12, 102, 'male', 187.02]
[27.31, 70.01, 68, 'male', 161.86]
[27.84, 98.59, 53, 'male', 177.92]
[29.86, 78.62, 46, 'male', 172.69]
[27.93, 94.42, 62, 'male', 196.21]
[27.4, 89.52, 62, 'female', 166.96]
[27.04, 95.69, 80, 'male', 168.47]
[27.72, 87.55, 53, 'male', 178.11]
[33.24, 82.55, 56, 'male', 170.99]
[27.76, 89.26, 50, 'female', 166.81]
[30.05, 74.37, 52, 'female', 181.74]
[28.26, 80.48, 53, 'female', 171.28]
[29.36, 67.85, 37, 'male', 171.69]
[28.84, 78.57, 79, 'male', 205.85]
[30.31, 83.29, 59, 'male', 173.95]
[27.43, 93.28, 102, 'male', 189.8]
[29.71, 79.48, 71, 'male', 182.36]
[30.4, 73.59, 48, 'male', 183.96]
[27.94, 65.3, 42, 'male', 185.3]
[29.6, 79.46, 42, 'male', 170.48]
[29.62, 67.92, 67, 'male', 192.4]
[27.84, 74.73, 64, 'male', 185.04]
[30.43, 73.81, 50, 'male', 179.04]
[28.15, 73.29, 65, 'male', 188.9]
[28.29, 79.11, 52, 'male', 202.81]
[27.99, 71.4, 55, 'male', 161.35]
[30.38, 107.83, 34, 'male', 207.64]
[30.37, 98.56, 42, 'male', 178.61]
[27.81, 75.67, 95, 'male', 198.49]
[27.29, 90.59, 69, 'female', 207.19]
[28.02, 86.14, 61, 'male', 171.73]
[25.27, 96.35, 81, 'female', 179.28]
[26.48, 89.56, 42, 'female', 176.5]
[29.51, 79.18, 59, 'male', 167.57]
[26.26, 87.86, 61, 'male', 163.34]
[30.8, 83.52, 60, 'female', 191.64]
[29.67, 69.89, 56, 'male', 163.04]
[27.78, 91.09, 62, 'female', 172.57]
[27.38, 94.22, 53, 'male', 181.67]
[29.4, 72.7, 77, 'male', 200.09]
[27.24, 96.04, 78, 'male', 208.23]
[29.67, 90.11, 50, 'male', 164.05]
[27.93, 99.41, 92, 'male', 174.86]
[30.27, 95.87, 64, 'male', 205.2]
[27.55, 68.53, 53, 'female', 181.33]
[27.86, 78.85, 80, 'female', 188.68]
[27.3, 95.3, 68, 'male', 194.54]
[30.34, 96.54, 47, 'male', 185.43]
[27.91, 86.03, 69, 'male', 180.2]
[28.46, 68.13, 63, 'male', 205.63]
[30.23, 65.63, 62, 'male', 190.06]
[27.6, 73.96, 60, 'male', 167.54]
[30.33, 84.42, 42, 'male', 180.19]
[30.16, 95.68, 63, 'female', 157.09]
[30.19, 97.48, 52, 'male', 168.44]
[29.82, 64.01, 52, 'male', 160.1]
[27.71, 70.34, 68, 'male', 170.81]
[30.5, 87.45, 65, 'male', 198.01]
[27.77, 119.35, 45, 'female', 203.27]
[30.12, 75.87, 37, 'male', 162.69]
[27.3, 69.02, 71, 'male', 284.09]
[29.64, 80.78, 56, 'male', 170.68]
[30.49, 64.48, 73, 'male', 196.16]
[28.72, 89.52, 30, 'female', 177.4]
[28.21, 64.2, 81, 'male', 191.53]
[27.62, 82.66, 71, 'male', 179.36]
[30.19, 68.88, 69, 'male', 182.79]
[27.99, 80.73, 52, 'male', 270.67]
[27.7, 75.99, 54, 'male', 154.93]
[30.1, 65.43, 64, 'male', 152.61]
[30.26, 95.08, 46, 'male', 193.74]
[29.17, 106.94, 71, 'female', 203.77]
[27.61, 89.29, 101, 'male', 189.21]
[26.51, 92.72, 105, 'female', 196.22]
[27.59, 123.56, 93, 'male', 219.83]
[27.36, 96.05, 87, 'female', 168.52]
[28.15, 96.43, 67, 'female', 186.08]
[27.78, 107.26, 72, 'male', 236.54]
[29.18, 76.27, 62, 'male', 193.83]
[29.49, 79.19, 52, 'male', 194.6]
[27.51, 71.35, 58, 'male', 184.1]
[27.36, 87.93, 71, 'male', 197.91]
[27.81, 85.86, 76, 'female', 172.11]
[30.28, 79.04, 61, 'female', 197.48]
[27.89, 78.52, 64, 'male', 178.23]
[27.43, 97.6, 77, 'male', 169.47]
[27.41, 77.2, 53, 'female', 179.05]
[30.44, 99.78, 55, 'female', 198.99]
[27.58, 97.48, 92, 'female', 171.66]
[27.26, 98.69, 65, 'female', 173.76]
[27.77, 77.61, 105, 'female', 182.55]
[30.27, 64.3, 83, 'female', 162.88]
[27.31, 107.36, 69, 'female', 232.45]
[27.3, 112.0, 63, 'female', 201.51]
[27.88, 93.91, 55, 'female', 199.08]
[30.55, 87.42, 56, 'female', 204.63]
[28.85, 74.49, 53, 'female', 182.51]
[28.82, 94.92, 33, 'male', 193.4]
[28.04, 77.78, 76, 'male', 187.66]
[27.58, 75.03, 78, 'male', 173.17]
[27.34, 68.73, 59, 'male', 181.51]
[28.58, 91.37, 30, 'male', 164.09]
[30.2, 67.2, 52, 'male', 165.6]
[27.3, 67.86, 65, 'male', 163.55]
[27.85, 94.06, 76, 'male', 194.03]
[29.78, 64.43, 37, 'female', 168.9]
[28.16, 81.04, 39, 'female', 190.81]
[14.51, 73.0, 94, 'female', 186.54]
[27.55, 65.67, 58, 'female', 176.87]
[30.09, 98.88, 53, 'male', 198.21]
[27.46, 77.76, 67, 'male', 178.58]
[27.43, 89.37, 59, 'male', 173.96]
[28.66, 64.39, 56, 'female', 190.18]
[28.71, 74.47, 58, 'male', 190.98]
[27.87, 75.59, 42, 'male', 182.54]
[25.6, 97.69, 33, 'male', 196.82]
[28.76, 95.59, 77, 'female', 150.03]
[29.75, 70.12, 37, 'female', 196.76]
[29.1, 98.08, 34, 'male', 176.96]
[30.1, 90.23, 75, 'male', 194.48]
[27.86, 89.91, 79, 'male', 180.43]
[28.04, 83.66, 55, 'female', 173.93]
[28.13, 68.87, 67, 'male', 154.12]
[30.77, 78.95, 48, 'male', 166.92]
[28.21, 89.9, 37, 'male', 187.05]
[27.92, 83.54, 76, 'female', 209.76]
[28.0, 92.43, 46, 'female', 191.54]
[30.29, 95.97, 67, 'female', 199.14]
[27.44, 69.42, 65, 'female', 181.8]
[27.41, 84.35, 105, 'female', 162.81]
[28.17, 97.84, 62, 'female', 184.09]
[27.49, 84.37, 72, 'female', 168.08]
[27.03, 75.47, 55, 'female', 192.31]
[29.6, 90.05, 86, 'female', 163.32]
[27.71, 89.21, 74, 'female', 193.21]
[27.73, 89.02, 51, 'female', 199.69]
[27.46, 122.46, 27, 'female', 201.5]
[27.75, 75.09, 58, 'female', 167.84]
[27.87, 78.47, 98, 'female', 180.52]
[29.99, 67.66, 48, 'female', 170.03]
[28.84, 93.05, 42, 'female', 174.68]
[29.53, 65.15, 56, 'male', 162.18]
[29.16, 85.18, 67, 'female', 176.26]
[29.96, 76.68, 58, 'male', 174.21]
[27.83, 102.37, 67, 'male', 205.17]
[27.84, 87.46, 96, 'female', 170.01]
[23.25, 91.67, 30, 'male', 185.67]
[27.12, 119.62, 53, 'female', 234.48]
[29.17, 70.12, 78, 'female', 178.29]
[30.17, 76.6, 33, 'female', 169.42]
[31.29, 89.27, 76, 'female', 188.73]
[28.71, 87.49, 36, 'female', 189.07]
[30.4, 68.36, 46, 'male', 174.62]
[27.22, 68.03, 76, 'male', 191.76]
[30.37, 90.77, 56, 'male', 161.42]
[27.96, 76.12, 65, 'male', 160.94]
[30.56, 72.87, 77, 'female', 174.77]
[30.75, 89.5, 53, 'female', 173.4]
[27.6, 96.9, 74, 'female', 174.5]
[27.5, 70.83, 65, 'male', 175.44]
[28.12, 118.33, 52, 'female', 223.08]
[28.07, 113.86, 45, 'female', 227.2]
[27.82, 93.15, 65, 'female', 170.1]
[27.77, 66.06, 67, 'female', 198.13]
[28.75, 79.59, 43, 'female', 196.84]
[29.63, 80.65, 46, 'female', 188.15]
[28.1, 89.87, 42, 'female', 160.75]
[27.2, 79.14, 69, 'female', 165.89]
[28.53, 71.97, 56, 'female', 175.24]
[28.42, 66.6, 49, 'female', 167.1]
[28.67, 78.42, 56, 'female', 178.0]
[30.45, 81.7, 56, 'female', 181.57]
[30.16, 84.25, 65, 'female', 195.91]
[28.23, 71.1, 60, 'female', 186.99]
[27.09, 83.95, 65, 'female', 165.54]
[30.05, 82.05, 59, 'female', 163.07]
[27.92, 87.78, 38, 'female', 164.63]
[30.06, 67.03, 66, 'female', 186.3]
[30.13, 91.14, 89, 'female', 198.71]
